0 1 36636
1 1 21947
2 1 19833
3 1 8541
4 1 15578
5 1 49205
6 1 9277
7 1 43973
8 1 24999
9 1 20420
10 1 50992
11 1 10583
12 1 58219
13 1 11983
14 1 48394
15 1 11036
16 1 30557
17 1 23453
18 1 49847
19 1 30032
20 1 31260
21 1 17071
22 1 8940
23 1 9929
24 1 45563
25 1 12107
26 1 34070
27 1 48955
28 1 59533
29 1 21312
30 1 20155
31 1 21531
32 1 13670
33 1 58390
34 1 16151
35 1 13464
36 1 64843
37 1 24593
38 1 57751
39 1 6029
40 1 37606
41 1 45247
42 1 23696
43 1 24385
44 1 22427
45 1 17375
46 1 16041
47 1 20526
48 1 25904
49 1 42008
50 1 9237
51 1 7736
52 1 65155
53 1 55491
54 1 6480
55 1 39206
56 1 27460
57 1 28201
58 1 23195
59 1 43637
60 1 35113
61 1 34916
62 1 46032
63 1 18904
64 1 28059
65 1 51230
66 1 14405
67 1 52242
68 1 43046
69 1 2709
70 1 48065
71 1 36943
72 1 54066
73 1 11525
74 1 17684
75 1 41565
76 1 27883
77 1 46842
78 1 29085
79 1 59684
80 1 11384
81 1 21238
82 1 2301
83 1 31114
84 1 62958
85 1 1913
86 1 47134
87 1 7257
88 1 12712
89 1 7522
90 1 58634
91 1 57990
92 1 1239
93 1 63947
94 1 381
95 1 48769
96 1 41942
97 1 55099
98 1 20920
99 1 8077
100 1 42633
101 1 17443
102 1 22833
103 1 3595
104 1 47706
105 1 22136
106 1 59955
107 1 62166
108 1 6957
109 1 36464
110 1 54671
111 1 33150
112 1 26214
113 1 17932
114 1 34660
115 1 51933
116 1 49920
117 1 18426
118 1 33996
119 1 6741
120 1 64098
121 1 606
122 1 27227
123 1 63140
124 1 32228
125 1 63437
126 1 38753
127 1 63650
