0 1 11525
1 1 45563
2 1 26214
3 1 9929
4 1 48955
5 1 22345
6 1 20420
7 1 46842
8 1 27883
9 1 27460
10 1 46463
11 1 58634
12 1 11036
13 1 42816
14 1 22136
15 1 28848
16 1 45772
17 1 33150
18 1 14405
19 1 53669
20 1 9041
21 1 34916
22 1 39206
23 1 37606
24 1 22833
25 1 62166
26 1 23195
27 1 19833
28 1 17684
29 1 57990
30 1 63947
31 1 17443
32 1 44860
33 1 15578
34 1 28059
35 1 32228
36 1 11983
37 1 17071
38 1 30032
39 1 17932
40 1 63140
41 1 30557
42 1 1913
43 1 9237
44 1 38025
45 1 41942
46 1 18904
47 1 64098
48 1 64413
49 1 6741
50 1 49205
51 1 2301
52 1 57751
53 1 60498
54 1 39530
55 1 50992
56 1 36464
57 1 35113
58 1 1239
59 1 61297
60 1 60734
61 1 55099
62 1 8541
63 1 24999
64 1 48769
65 1 27227
66 1 42008
67 1 7257
68 1 62958
69 1 12107
70 1 54671
71 1 21238
72 1 47706
73 1 58219
74 1 23867
75 1 59003
76 1 52242
77 1 34660
78 1 46032
79 1 11384
80 1 12712
81 1 51933
82 1 59955
83 1 606
84 1 31260
85 1 2709
86 1 51230
87 1 6029
88 1 49920
89 1 381
90 1 41565
91 1 48065
92 1 8077
93 1 46388
94 1 48394
95 1 43046
96 1 7522
97 1 63650
98 1 31114
99 1 18426
100 1 38753
101 1 3595
102 1 8940
103 1 29085
104 1 55491
105 1 22427
106 1 26773
107 1 54066
108 1 6957
109 1 34070
110 1 10054
111 1 16041
112 1 47134
113 1 63437
114 1 42633
115 1 43973
116 1 20920
117 1 49847
118 1 21947
119 1 56691
120 1 59684
121 1 10583
122 1 23453
123 1 7736
124 1 36636
125 1 33996
126 1 65155
127 1 36943
